label	Group	numOtus	Otu001	Otu002	Otu003	Otu004	Otu005	Otu006	Otu007	Otu008	Otu009	Otu010	Otu011	Otu012	Otu013	Otu014	Otu015	Otu016	Otu017	Otu018	Otu019	Otu020	Otu021	Otu022	Otu023	Otu024	Otu025	Otu026	Otu027	Otu028	Otu029	Otu030	Otu031	Otu032	Otu033	Otu034	Otu035	Otu036	Otu037	Otu038	Otu039	Otu040	Otu041	Otu042	Otu043	Otu044	Otu045	Otu046	Otu047	Otu048	Otu049	Otu050	Otu051	Otu052	Otu053	Otu054	Otu055	Otu056	Otu057	Otu058	Otu059	Otu060	Otu061	Otu062	Otu063	Otu064	Otu065	Otu066	Otu067	Otu068	Otu069	Otu070	Otu071	Otu072	Otu073	Otu074	Otu075	Otu076	Otu077	Otu078	Otu079	Otu080	Otu081	Otu082	Otu083	Otu084	Otu085	Otu086	Otu087	Otu088	Otu089	Otu090	Otu091	Otu092	Otu093	Otu094	Otu095	Otu096	Otu097	Otu098	Otu099	Otu100	Otu101	Otu102	Otu103	Otu104	Otu105	Otu106	Otu107	Otu108	Otu109	Otu110	Otu111	Otu112	Otu113	Otu114	Otu115	Otu116	Otu117	Otu118	Otu119	Otu122	Otu123	Otu124	Otu127	Otu128	Otu129	Otu130	Otu131	Otu132	Otu134	Otu135	Otu138	Otu139	Otu141	Otu149	Otu158	Otu168	Otu171
1	040885_WATER	137	0	0	0	0	0	0	133	0	0	0	0	0	0	0	0	0	0	0	0	0	0	0	0	0	0	0	0	0	0	0	0	0	0	0	0	0	0	0	0	0	0	0	0	0	0	0	0	0	0	0	0	0	0	0	0	0	0	0	0	0	0	0	0	0	0	0	0	0	0	3560	0	0	0	0	0	0	0	0	0	0	0	0	0	0	0	0	0	0	0	0	0	0	0	0	0	0	0	0	0	0	0	0	0	0	0	0	0	0	0	0	0	0	0	0	0	0	0	0	0	0	0	0	0	0	0	9	0	9	216	29	16	0	0	0	0	0	0
1	040980_Sample00423	137	17500	2582	2799	2446	563	2249	10127	357	884	653	733	510	1268	909	1389	5564	249	499	1295	93	1040	439	462	204	1647	604	270	380	960	330	92	244	161	926	123	112	175	170	4	111	34	3	216	906	11	221	61	1	0	56	1	6	15	0	7	3	56	2	0	14	31	4	7	5	0	55	6	4	121	63	1	68	0	41	16	20	83	1	11	5	487	10	2	0	14	103	2	0	20	15	0	1	4	0	3	16	4	0	1	0	0	0	1	1	23	9	3	4	1	0	0	2	0	1	7	0	0	0	0	0	0	26	0	2	1	0	0	0	0	0	0	0	5	6	0	0	0
1	040981_Sample00424	137	13531	4374	1776	853	533	272	4977	360	2349	831	1102	659	2689	0	802	723	889	2235	2941	0	836	574	850	15	557	0	320	15	2	144	124	194	124	0	457	3	674	94	93	34	25	1	87	101	95	33	121	0	2	0	17	26	106	0	1	4	41	1	0	17	0	0	1	2	0	0	17	7	0	3	0	33	13	6	0	0	0	0	19	3	802	2	0	0	0	0	0	0	0	0	0	6	0	0	0	3	7	0	0	0	2	0	1	0	62	2	18	0	7	0	0	0	0	0	0	0	0	0	0	1	0	0	0	7	0	0	52	0	0	0	0	0	0	4	0	0	0
1	040982_Sample00425	137	3114	524	499	896	73	1149	725	55	206	192	425	28	438	8	120	1785	39	41	656	150	396	128	130	18	155	289	85	67	69	20	20	71	39	632	71	10	165	29	1	219	0	1	28	3	2	13	13	0	0	4	0	1	0	0	0	0	21	0	0	3	76	0	0	0	20	1	3	1	0	10	0	9	1	6	0	0	17	0	1	2	4	0	0	0	0	0	2	1	0	0	18	0	0	0	0	9	0	0	0	3	0	0	0	0	0	0	0	0	0	0	0	0	0	0	3	0	0	0	0	0	0	47	0	0	0	0	0	0	0	0	0	0	0	0	0	0	0
1	040983_Sample00426	137	3570	746	389	465	130	101	1123	46	150	187	196	139	472	41	308	306	211	332	389	0	262	158	580	4	20	0	60	8	0	26	11	29	29	8	141	2	234	18	30	0	16	0	3	2	0	12	23	0	0	0	0	9	104	0	0	0	8	2	0	3	0	0	1	0	60	0	5	3	0	9	0	11	0	0	0	0	0	0	1	0	169	0	0	0	0	0	0	0	0	0	0	4	0	0	0	0	0	0	0	0	0	0	0	0	1	0	3	0	0	0	0	0	0	0	0	0	0	0	0	1	0	1	0	2	0	0	17	0	1	0	0	0	0	0	0	0	0
1	040984_Sample00427	137	7092	1864	1243	1167	548	1517	2670	358	515	953	772	318	720	333	479	804	143	301	1030	66	783	373	264	76	690	533	163	383	753	125	33	112	128	1111	293	39	151	59	23	29	28	1	65	597	30	146	43	0	0	32	0	8	16	0	0	3	64	6	1	50	2	21	9	4	1	13	17	2	13	51	32	34	10	1	0	10	54	0	6	1	167	0	15	2	1	9	0	0	1	1	9	4	1	0	0	13	1	0	0	2	4	0	0	0	1	6	0	0	0	0	0	0	3	3	8	0	0	0	0	0	0	3	0	5	0	0	3	0	0	0	0	0	1	3	2	0	0
1	040985_Sample00428	137	3610	1299	866	789	352	768	1855	160	459	407	360	160	932	35	123	1518	112	141	766	49	413	140	383	98	263	208	92	257	209	97	28	81	134	136	281	32	283	59	2	64	16	2	76	83	7	3	32	0	0	16	0	12	1	0	0	2	40	1	0	19	3	0	0	6	1	0	24	9	13	5	1	18	1	27	0	0	38	0	3	2	63	2	1	0	1	15	0	0	0	0	1	0	0	4	0	2	6	0	0	0	0	0	0	0	12	1	1	1	0	0	0	0	4	0	6	0	0	0	0	1	1	0	0	7	0	0	2	0	1	0	0	0	0	0	0	0	0
1	040986_Sample00429	137	9569	2404	1150	1454	598	2129	3887	243	577	1528	398	989	1458	1349	686	2852	239	567	202	29	1428	530	173	25	662	20	137	164	5	152	26	105	648	1004	169	36	593	33	12	73	150	0	57	529	77	78	52	0	1	81	0	16	62	2	0	0	37	7	0	21	0	0	4	8	190	51	27	14	0	32	14	27	15	1	0	9	70	1	8	2	590	0	11	2	0	0	0	1	0	0	5	5	0	8	0	1	14	0	0	0	0	0	0	1	0	6	16	2	9	0	0	0	2	0	17	1	0	0	0	0	0	5	0	7	0	0	1	0	0	0	0	0	1	0	0	9	0
1	040987_Sample00430	137	0	0	0	0	0	0	0	0	0	0	0	0	0	0	0	0	0	0	1	0	0	0	0	0	0	0	0	0	0	0	0	0	0	0	0	0	0	0	0	0	0	0	0	0	0	0	0	0	0	0	0	0	0	0	0	0	0	0	0	0	0	0	0	0	0	0	0	0	0	0	0	0	0	0	0	0	0	0	0	0	0	0	0	0	0	0	0	0	0	0	0	0	0	0	0	0	0	0	0	0	0	0	0	0	0	0	0	0	0	0	0	0	0	0	0	0	0	0	0	0	0	0	0	0	0	0	0	0	0	0	0	0	0	0	0	0	0
1	040988_Sample00431	137	2662	740	350	451	181	1308	485	52	104	443	285	75	341	62	54	1095	33	67	170	87	255	103	234	9	97	103	57	65	4	30	11	22	84	594	104	6	96	8	2	46	8	0	27	10	2	21	10	0	0	0	0	1	3	0	0	0	28	5	0	13	9	0	0	0	120	5	8	2	0	1	6	18	0	41	1	0	15	0	4	1	30	0	0	0	4	0	0	1	0	0	0	1	0	0	0	0	4	0	0	0	0	0	1	0	1	0	0	0	0	0	0	0	0	0	6	4	0	0	0	1	0	7	0	0	0	0	0	0	0	0	0	0	0	0	0	0	0
1	040989_Sample00432	137	6404	790	561	853	184	1339	1728	69	479	1268	745	28	504	13	117	1021	83	66	1059	46	549	266	180	15	209	194	261	93	1	20	11	64	28	34	121	5	98	17	1	34	31	0	25	6	86	0	26	0	1	0	0	5	10	0	0	0	58	1	0	3	0	0	0	2	77	0	19	31	0	0	0	7	0	23	0	0	20	1	0	1	81	0	0	1	0	0	0	0	0	0	0	1	0	0	0	11	0	0	0	0	0	0	0	0	0	0	0	0	0	0	0	0	0	0	0	1	0	2	0	1	0	0	0	5	0	0	5	0	0	0	0	0	0	1	0	0	0
1	040990_Sample00433	137	8460	2073	1628	1495	703	1076	932	262	601	855	1122	383	1132	567	314	1751	114	412	3562	6	788	596	1405	98	766	635	160	280	437	305	59	182	47	477	937	138	336	119	50	220	41	2	217	128	40	113	62	0	2	14	0	5	38	0	2	0	82	2	0	27	34	0	0	0	7	41	37	10	21	3	4	40	5	1	7	4	82	0	6	2	261	0	0	0	2	15	2	0	0	4	14	3	8	0	0	11	1	0	0	0	7	0	2	0	62	2	2	0	0	0	0	0	18	0	18	1	0	0	0	0	0	2	0	4	0	0	6	0	1	0	0	0	0	0	0	0	0
1	040991_Sample00434	137	164	1262	354	153	253	22	205	107	74	27	76	3	77	2	41	55	1	207	20	2	7	79	120	9	206	39	10	0	89	43	1	24	0	12	881	16	0	1	1	27	1	1	16	0	5	2	15	0	0	0	0	1	15	0	0	0	6	0	1	0	0	0	4	0	17	2	6	0	0	49	0	17	0	174	0	0	9	0	1	0	13	1	0	0	0	0	0	1	0	0	0	0	0	0	0	0	0	0	0	0	0	0	0	0	0	0	0	0	0	0	0	0	3	0	0	0	0	0	0	0	0	0	0	0	0	2	0	0	29	0	0	0	0	0	0	0	0
1	040992_Sample00435	137	9247	2244	1837	3483	1130	3159	2806	557	235	313	780	847	996	4704	2456	1537	222	563	2472	566	673	331	414	1882	502	2424	189	801	711	345	62	56	97	116	216	109	181	51	32	462	68	1	267	303	10	311	85	0	3	9	0	4	32	2	1	2	40	11	22	30	95	253	0	1	0	45	24	39	1	10	41	188	0	1	5	31	45	0	24	2	93	9	1	1	583	287	58	3	0	7	0	0	5	2	0	40	1	0	0	0	0	0	4	0	19	0	0	0	3	0	0	1	1	0	16	0	0	0	0	0	0	1	0	0	2	0	0	0	0	0	0	0	4	2	0	0	0
1	040993_Sample00436	137	20161	5802	2338	1553	1130	630	2982	333	1238	521	1476	1721	4621	662	1072	140	2222	3574	2384	3	2022	795	1669	35	230	4	457	12	22	426	19	236	208	7	964	13	846	37	49	49	265	5	58	26	41	152	124	0	6	4	490	40	146	2	1	1	19	13	0	12	0	21	4	1	477	3	101	28	0	0	0	18	0	5	0	1	43	3	34	1	2028	0	0	14	0	0	0	4	0	0	0	5	1	0	0	4	11	2	0	0	0	1	4	0	31	0	1	59	6	8	5	0	1	0	17	4	8	0	0	12	0	2	0	5	0	0	31	0	0	0	0	0	0	0	0	0	0
1	040994_Sample00437	137	11549	2591	1657	1335	689	4156	2737	269	1425	993	1192	673	1918	739	408	1702	365	258	1784	151	1486	621	348	220	787	645	252	472	1430	241	94	198	99	252	410	81	234	120	6	738	37	4	217	64	86	25	70	5	0	91	0	9	23	1	4	1	107	3	0	13	19	0	3	0	104	210	65	5	7	18	0	37	7	36	3	28	79	1	13	7	360	3	1	1	68	15	4	4	0	4	3	5	0	1	2	6	4	4	3	0	0	0	1	0	51	4	1	1	0	0	0	0	1	0	19	0	0	0	0	3	0	2	1	8	0	0	4	0	0	0	0	0	3	7	0	0	0
1	040995_Sample00438	137	6037	2013	1450	1639	853	3630	2905	261	397	885	873	344	970	365	409	1986	111	425	582	121	408	228	790	315	369	938	206	592	491	230	137	116	55	1006	622	89	345	111	42	229	22	7	226	114	8	21	52	0	0	21	0	2	38	0	1	2	20	13	7	25	61	0	11	0	1	9	19	12	28	55	39	123	2	2	2	11	62	1	11	1	301	12	2	0	1	14	2	0	1	1	0	2	8	0	1	10	1	0	0	0	0	0	0	0	24	1	0	3	0	1	0	0	4	0	22	0	0	0	0	1	0	2	0	1	1	0	7	0	0	0	0	0	5	10	0	0	0
1	040996_Sample00439	137	16471	2616	1352	806	351	1400	7958	219	1496	703	1565	230	649	25	253	790	43	289	3890	464	356	142	277	251	606	3355	162	871	2017	213	44	430	143	293	70	10	5	215	5	131	12	1	336	481	94	19	58	0	0	13	1	2	2	1	9	4	132	2	0	5	38	0	0	0	0	2	3	2	55	5	0	95	16	24	1	4	26	0	32	5	217	8	0	4	2	35	0	0	4	0	7	0	1	1	0	51	0	0	0	0	1	0	0	0	55	2	3	0	0	0	0	1	0	2	4	0	0	0	1	0	0	0	0	2	0	0	0	0	0	0	0	0	0	0	0	0	0
1	040997_Sample00440	137	6117	2022	1262	1065	525	1009	2872	386	631	561	954	399	647	734	462	2315	144	433	978	95	106	283	780	105	229	1008	120	300	572	137	110	96	45	76	608	80	130	73	8	219	16	0	138	45	11	27	71	2	1	13	0	4	13	1	0	0	25	10	1	7	16	0	7	3	0	12	18	1	26	29	1	90	1	50	1	0	34	3	7	0	77	3	1	0	0	3	5	0	0	2	0	3	0	0	0	10	0	0	0	2	1	0	0	0	10	1	0	3	0	1	1	0	10	0	13	0	0	0	1	1	0	3	0	1	0	0	18	0	0	0	0	0	0	0	0	0	0
1	040998_Sample00441	137	4732	1179	722	733	257	1866	1901	73	842	617	937	34	1222	23	81	1051	73	78	686	54	310	393	186	34	379	386	188	159	5	64	48	148	78	14	153	14	42	70	1	231	14	0	82	26	41	7	22	4	0	17	2	8	10	0	0	0	66	3	0	2	3	0	0	0	112	3	32	2	0	3	4	5	0	27	0	0	29	1	21	0	34	0	0	0	0	0	1	0	0	0	2	2	1	0	0	3	3	0	0	2	0	0	0	0	1	3	0	0	0	0	0	0	0	0	5	0	0	0	0	0	0	0	0	3	0	0	0	0	0	0	0	0	0	3	0	0	0
1	040999_Sample00442	137	4809	2509	870	1020	324	592	1068	49	548	794	923	201	1608	35	136	717	287	355	1113	40	280	144	315	51	227	284	102	390	200	313	5	84	80	7	107	19	193	70	1	146	29	11	169	7	48	0	79	1	0	0	0	8	60	0	0	3	48	3	0	8	90	0	7	0	27	0	40	10	0	30	0	46	0	31	0	0	23	0	19	0	287	7	0	0	3	19	0	0	0	0	0	11	0	0	0	5	1	1	0	0	0	0	3	0	3	0	0	1	0	0	0	0	0	0	14	0	0	0	0	1	0	1	0	0	0	0	21	0	0	0	0	0	0	4	0	0	0
1	041000_Sample00443	137	8870	1762	1449	1138	1306	1378	3639	223	840	514	1084	381	823	323	436	851	200	424	1816	151	227	408	479	79	405	1408	124	280	489	185	76	199	167	134	339	62	350	71	3	244	29	0	119	77	53	41	60	4	4	20	0	2	70	0	0	3	69	5	2	12	14	19	3	9	42	47	12	11	32	11	2	29	0	32	1	0	47	0	10	3	660	4	11	6	1	5	4	0	3	1	1	4	6	1	3	5	5	0	0	0	0	0	0	0	10	4	5	3	0	0	1	0	5	0	13	0	0	0	0	1	0	4	0	2	0	0	1	0	0	0	0	0	4	4	0	0	0
1	041001_Sample00444	137	6078	2552	2074	1860	709	1363	2361	585	282	397	1131	666	656	3415	453	1231	230	597	2671	161	388	233	760	145	714	1035	131	236	642	219	27	133	45	265	212	109	226	45	22	132	55	6	222	107	20	135	150	3	6	0	2	5	66	0	0	1	24	14	12	13	74	4	19	4	0	9	51	10	49	36	45	119	0	0	1	0	75	1	13	1	453	13	0	3	8	38	3	0	1	2	2	6	13	0	2	5	1	0	0	0	0	1	0	0	6	0	1	0	0	0	0	0	28	0	14	0	0	1	1	0	0	3	0	4	0	0	5	0	0	0	0	0	0	7	3	0	0
1	041002_Sample00445	137	3041	1178	615	1444	274	695	1007	126	439	487	986	47	64	11	69	660	10	89	944	401	40	65	364	427	155	1597	100	532	823	127	29	122	95	127	179	21	7	127	28	751	8	2	173	3	8	83	38	5	0	1	1	0	1	0	0	1	46	0	0	11	138	0	0	1	0	0	0	3	42	12	5	73	2	1	0	0	40	0	12	0	20	9	3	0	25	61	6	1	2	0	0	0	0	0	0	15	0	0	0	0	0	0	1	2	14	0	3	0	0	0	0	0	1	0	4	0	0	0	0	1	0	0	0	5	0	0	2	0	0	0	0	0	0	4	0	0	0
1	041003_Sample00446	137	4877	1295	1185	824	334	630	1790	87	1148	656	908	68	411	2	255	3520	119	363	2029	337	299	247	366	75	242	1106	143	885	61	128	100	151	64	88	176	2	23	63	7	114	23	2	78	2	4	3	45	1	1	0	0	0	12	0	0	0	67	0	0	12	43	0	1	1	0	0	56	6	0	5	0	17	1	25	0	2	35	0	11	7	160	1	0	0	6	0	0	0	0	0	0	0	0	0	0	6	2	0	0	0	0	1	1	0	12	0	4	0	0	0	0	0	1	0	1	7	0	0	0	0	0	0	0	0	0	0	10	0	1	0	0	12	0	1	0	0	0
1	041004_Sample00448	137	2655	1256	818	844	273	254	3839	145	496	636	1002	10	724	8	16	2749	43	95	1040	133	73	375	301	56	528	123	320	28	0	128	233	203	142	20	324	34	107	131	21	197	2	5	120	3	18	10	39	0	0	8	0	0	17	1	0	0	63	0	0	13	1	0	1	2	6	2	18	2	0	0	1	36	0	2	0	0	84	0	9	0	1	0	0	0	0	0	0	0	0	0	0	0	1	0	0	8	0	0	0	0	0	0	0	0	0	1	9	0	0	0	0	0	1	0	0	0	0	0	0	0	0	0	0	5	0	0	0	0	0	0	0	0	1	0	0	0	0
1	041005_Sample00449	137	7559	6029	1762	3310	1432	941	1731	771	556	801	1120	663	2521	1945	999	590	273	1205	739	36	356	547	724	74	920	49	130	89	85	301	69	149	511	124	884	98	239	82	42	151	135	6	232	26	49	149	53	3	3	1	0	5	55	32	0	0	19	7	12	17	3	60	9	2	81	29	49	16	0	53	50	88	0	4	0	4	131	1	22	0	56	3	4	0	9	0	1	2	0	0	0	1	0	0	1	5	1	5	0	0	0	0	0	0	45	9	0	0	0	0	0	0	0	3	14	0	0	0	0	0	0	9	0	0	0	0	72	0	0	0	0	0	0	5	0	2	0
1	041006_Sample00450	137	5129	3226	2498	1830	4665	1614	2074	1005	177	144	306	504	2226	1211	848	2673	211	1114	265	21	579	471	428	27	815	415	102	51	38	353	4	70	126	31	191	413	272	53	0	408	27	7	139	9	58	27	63	2	0	0	37	3	147	195	3	0	19	5	101	62	8	6	14	7	2	10	34	0	1	1	11	116	0	15	0	2	72	0	8	0	584	0	0	5	2	0	1	0	0	7	0	0	1	0	2	6	0	1	1	0	3	0	0	0	35	1	0	0	1	3	0	0	0	0	15	0	0	0	0	0	2	0	0	0	0	0	8	0	2	0	0	0	1	3	0	3	0
1	041007_Sample00451	137	6773	3366	1332	1258	447	977	3064	150	1230	728	1907	81	568	70	106	3635	36	265	1694	119	399	388	1662	150	1160	921	186	80	244	398	127	260	219	14	1626	15	58	139	75	393	45	10	261	10	131	2	78	4	2	32	0	4	1	2	0	0	100	1	0	6	6	0	0	11	1	4	35	1	40	45	0	42	18	2	0	0	120	1	11	0	49	10	0	0	3	1	7	0	0	0	9	2	0	1	0	21	1	0	2	0	0	0	0	4	23	4	0	5	0	0	0	0	15	2	11	0	0	5	0	10	0	30	0	12	0	0	3	0	0	0	0	0	0	4	0	0	0
1	041008_Sample00452	137	1907	1639	1395	609	738	142	5189	362	268	568	1616	199	927	40	136	1013	80	530	419	14	39	745	97	64	1172	595	182	15	163	180	137	202	38	0	91	75	13	73	0	127	35	0	180	3	36	2	47	2	0	3	1	2	25	0	3	0	14	2	0	18	8	0	2	0	0	0	25	1	0	29	1	97	0	44	0	0	150	3	11	0	8	0	3	0	0	0	0	0	0	0	0	0	0	0	0	27	2	5	0	0	0	1	1	0	1	9	5	0	0	0	0	0	0	0	0	0	0	0	0	0	0	32	2	1	0	0	0	0	0	0	0	0	1	0	0	0	0
1	041009_Sample00453	137	1121	1101	626	870	226	1530	2004	130	240	467	836	38	368	62	88	1816	33	127	338	55	43	323	269	60	631	457	139	27	225	79	96	209	41	28	212	17	4	77	2	109	13	5	70	2	26	6	21	1	1	6	1	3	69	3	4	1	34	1	0	4	2	0	0	2	0	0	5	0	4	1	0	43	0	32	0	0	51	0	2	0	52	1	0	0	0	0	1	0	0	0	0	1	0	0	1	28	0	0	0	0	0	1	0	0	7	2	6	0	0	0	0	0	0	0	2	0	0	0	0	0	0	1	1	3	0	0	16	0	1	0	0	0	0	1	0	0	0
1	041010_Sample0045XX	137	0	0	0	1	0	0	0	0	0	0	1	1	0	0	0	0	0	0	0	0	0	0	0	0	0	0	0	0	0	0	0	0	0	0	0	0	0	0	0	0	0	0	0	0	0	0	0	0	0	0	0	0	0	0	0	0	0	0	0	0	0	0	0	0	0	0	0	0	0	0	0	0	0	0	0	0	0	0	0	0	0	0	0	0	0	0	0	0	0	0	0	0	0	0	0	0	0	0	0	0	0	0	0	0	0	0	0	0	0	0	0	0	0	0	0	0	0	0	0	0	0	0	0	0	0	0	0	0	0	0	0	0	0	0	0	0	0
1	041012_WATER	137	2	0	2	2	0	0	0	0	0	0	0	0	1	0	0	0	0	0	1	0	0	0	0	0	0	0	0	0	0	0	0	0	0	0	0	0	0	0	0	0	0	0	0	0	1	0	0	0	0	0	0	0	0	0	0	0	0	0	0	0	0	0	0	0	0	0	0	0	0	11625	0	0	0	0	0	0	0	0	0	0	0	0	0	0	0	0	0	0	0	0	0	0	0	0	0	0	0	0	0	0	0	0	0	0	0	0	0	0	0	0	0	0	0	0	0	0	0	0	0	0	0	0	0	0	0	979	0	24	4611	0	0	0	0	0	0	0	8
1	041024_WATER	137	0	0	1	0	0	0	1	0	0	0	1	0	0	0	0	0	0	0	1	0	0	0	0	0	0	0	0	1	0	0	0	0	0	0	0	0	0	0	0	0	0	0	0	0	0	0	0	0	0	0	0	0	0	0	0	1	0	0	0	0	0	0	0	0	0	0	0	0	0	0	0	0	0	0	0	0	0	0	0	0	0	0	0	0	0	0	0	0	0	0	0	0	0	0	0	0	0	0	0	0	0	0	0	0	0	0	0	0	0	0	0	0	0	0	0	0	0	0	0	0	0	0	0	0	0	0	0	0	0	0	0	0	0	0	0	0	0
1	041204_WATER	137	0	2	1	0	1	0	8	0	0	0	0	0	0	0	0	0	0	0	0	0	0	0	0	0	1	0	0	0	0	0	0	0	0	0	0	0	0	0	0	0	0	0	0	0	0	0	0	0	0	0	17	0	0	5	0	0	0	0	0	0	0	0	0	0	0	0	0	0	0	309	0	0	0	0	0	0	0	0	0	0	0	0	0	0	0	0	0	0	0	0	0	0	0	0	0	0	0	0	0	0	0	0	5	0	0	0	0	0	0	0	0	0	0	0	0	0	0	0	0	0	0	0	0	0	0	44	0	0	89	0	0	0	0	0	0	0	0